232
0 0 1 1 3 3.2799 1
2 2 3 3 3 1.032 1
1 1 2 2 3 1.0582 1
3 3 4 4 3 1.1577 1
4 4 5 5 3 1.4406 1
5 5 6 6 3 1.5619 1
6 6 7 7 3 0.7962 1
7 7 8 8 3 0.9294 1
8 8 9 9 3 1.2079 1
9 9 10 10 3 1.1641 1
10 10 11 11 3 1.0265 1
11 11 12 12 3 1.0574 1
12 12 13 13 3 0.9642 1
13 13 14 14 3 0.8854 1
14 14 15 15 3 0.8634 1
15 15 16 16 3 1.1493 1
16 16 17 17 3 0.9824 1
17 17 18 18 3 1.4727 1
18 18 19 19 3 0.9693 1
19 19 20 20 3 0.7806 1
20 20 21 21 3 0.8176 1
21 21 22 22 3 0.8849 1
22 22 23 23 3 1.4945 1
23 23 24 24 3 1.4339 1
24 24 25 25 3 0.8462 1
25 25 26 26 3 0.8404 1
26 26 27 27 3 1.6087 1
27 27 28 28 3 1.296 1
28 28 29 29 3 0.8918 1
29 29 30 30 3 1.9996 1
30 30 31 31 3 1.1163 1
32 32 33 33 3 4.335 2
33 33 34 34 3 1.3916 2
34 34 35 35 3 2.0883 2
35 35 36 36 3 1.3652 2
38 38 39 39 3 1.4836 2
39 39 40 40 3 1.1158 2
36 36 37 37 3 3.851 2
40 40 41 41 3 1.5545 2
37 37 38 38 3 2.4946 2
41 41 42 42 3 1.5242 2
42 42 43 43 3 1.1628 2
43 43 44 44 3 1.3925 2
44 44 45 45 3 0.978 2
45 45 46 46 3 0.8558 2
12 47 12 12 3.5 0 0
46 46 12 47 3 1.3221 2
48 49 49 50 3 1.1856 2
47 48 48 49 3 2.5778 2
51 52 52 53 3 0.9117 2
52 53 53 54 3 1.1153 2
53 54 54 55 3 1.2781 2
54 55 55 56 3 1.076 2
55 56 56 57 3 1.3336 2
56 57 57 58 3 1.4123 2
57 58 58 59 3 1.4047 2
58 59 59 60 3 0.6306 2
59 60 60 61 3 1.0024 2
60 61 61 62 3 0.9186 2
61 62 62 63 3 0.9895 2
62 63 63 64 3 1.446 2
63 64 64 65 3 1.1056 2
12 47 47 48 3 0.8852 2
50 51 51 52 3 1.1048 2
49 50 50 51 3 0.9128 2
64 65 65 66 3 1.9299 2
65 66 66 67 3 1.5964 2
66 67 67 68 3 1.4393 2
67 68 68 69 3 0.9917 2
69 70 70 71 3 1.505 3
70 71 71 72 3 0.7927 3
71 72 72 73 3 1.4513 3
72 73 73 74 3 1.4733 3
73 74 74 75 3 1.0054 3
74 75 75 76 3 1.3937 3
75 76 76 77 3 0.9365 3
76 77 77 78 3 0.8477 3
18 79 18 18 3.5 0 0
79 81 80 82 3 0.9721 3
43 83 43 43 3.5 0 0
80 82 43 83 3 0.9055 3
43 83 81 84 3 1.4805 3
81 84 82 85 3 0.8414 3
82 85 83 86 3 1.0874 3
83 86 84 87 3 0.7722 3
84 87 85 88 3 0.9419 3
85 88 86 89 3 0.6558 3
86 89 87 90 3 1.443 3
87 90 88 91 3 0.9677 3
88 91 89 92 3 1.4386 3
37 93 37 37 3.5 0 0
89 92 37 93 3 2.0155 3
90 94 91 95 3 0.8358 4
77 78 18 79 3 2.7706 3
18 79 78 80 3 0.9175 3
78 80 79 81 3 1.8772 3
94 98 95 99 3 1.0549 4
95 99 96 100 3 1.0114 4
96 100 97 101 3 1.029 4
93 97 94 98 3 1.1604 4
91 95 92 96 3 1.0428 4
92 96 93 97 3 1.6284 4
99 103 100 104 3 1.3748 4
51 105 51 52 3.5 0 0
97 101 98 102 3 0.9725 4
98 102 99 103 3 0.926 4
100 104 51 105 3 1.0529 4
52 106 52 53 3.5 0 0
51 105 52 106 3 0.9172 4
103 109 104 110 3 0.7347 4
104 110 105 111 3 3.1792 4
105 111 106 112 3 0.8229 4
106 112 107 113 3 1.3346 4
107 113 108 114 3 1.0878 4
108 114 109 115 3 0.9959 4
109 115 110 116 3 1.2225 4
77 117 77 78 3.5 0 0
110 116 77 117 3 0.9106 4
77 117 111 118 3 0.878 4
111 118 112 119 3 1.1883 4
112 119 113 120 3 1.4709 4
102 108 103 109 3 0.795 4
52 106 101 107 3 1.0111 4
113 120 114 121 3 2.7461 4
101 107 102 108 3 0.8987 4
117 124 118 125 3 1.6837 4
118 125 119 126 3 1.4306 4
119 126 120 127 3 2.075 4
120 127 121 128 3 1.3055 4
121 128 122 129 3 2.0566 4
122 129 123 130 3 1.3842 4
124 131 125 132 3 2.3267 5
125 132 126 133 3 1.7023 5
126 133 127 134 3 1.1246 5
40 135 40 40 3.5 0 0
127 134 40 135 3 0.8841 5
40 135 128 136 3 1.7891 5
128 136 129 137 3 0.64 5
129 137 130 138 3 1.6171 5
130 138 131 139 3 0.9197 5
82 140 82 85 3.5 0 0
131 139 82 140 3 1.0474 5
82 140 132 141 3 0.8547 5
11 142 11 11 3.5 0 0
132 141 11 142 3 0.7845 5
47 143 47 48 3.5 0 0
11 142 47 143 3 1.5038 5
47 143 133 144 3 0.8213 5
133 144 134 145 3 0.9941 5
134 145 135 146 3 0.6095 5
135 146 136 147 3 1.3439 5
106 148 106 112 3.5 0 0
136 147 106 148 3 0.9435 5
106 148 137 149 3 1.2533 5
137 149 138 150 3 1.3923 5
138 150 139 151 3 0.9646 5
139 151 140 152 3 1.4659 5
140 152 141 153 3 0.7813 5
141 153 142 154 3 1.7808 5
142 154 143 155 3 2.2946 5
116 123 117 124 3 2.0775 4
114 121 115 122 3 2.2362 4
115 122 116 123 3 1.3561 4
145 158 146 159 3 3.0338 6
146 159 147 160 3 1.4706 6
147 160 148 161 3 1.3615 6
143 155 144 156 3 2.1231 5
149 162 150 163 3 2.5703 6
150 163 151 164 3 3.2539 6
151 164 152 165 3 2.1183 6
152 165 153 166 3 1.6295 6
153 166 154 167 3 1.0372 6
70 157 70 71 3.5 0 0
155 168 156 169 3 1.1918 6
102 170 102 108 3.5 0 0
156 169 102 170 3 2.0146 6
148 161 149 162 3 2.1103 6
49 172 49 50 3.5 0 0
157 171 49 172 3 0.9004 6
49 172 158 173 3 1.1223 6
158 173 159 174 3 2.0642 6
159 174 160 175 3 1.2276 6
10 176 10 10 3.5 0 0
160 175 10 176 3 3.1423 6
82 177 82 85 3.5 0 0
82 177 82 140 3.5 0 0
10 176 82 177 3 1.7333 6
82 177 161 178 3 1.2446 6
44 179 44 44 3.5 0 0
161 178 44 179 3 1.2861 6
79 180 79 81 3.5 0 0
44 179 79 180 3 1.5008 6
79 180 162 181 3 1.5057 6
162 181 163 182 3 1.7442 6
126 183 126 133 3.5 0 0
163 182 126 183 3 1.9709 6
37 185 37 37 3.5 0 0
37 185 37 93 3.5 0 0
164 184 37 185 3 0.9153 7
102 170 157 171 3 1.3407 6
165 186 166 187 3 1.4161 7
166 187 167 188 3 1.7315 7
154 167 155 168 3 2.2697 6
37 185 165 186 3 1.8387 7
9 190 9 9 3.5 0 0
84 189 9 190 3 1.3124 7
160 191 160 175 3.5 0 0
9 190 160 191 3 3.2958 7
160 191 168 192 3 1.0385 7
168 192 169 193 3 0.4843 7
97 194 97 101 3.5 0 0
169 193 97 194 3 1.4809 7
97 194 170 195 3 0.9174 7
170 195 171 196 3 1.1895 7
171 196 172 197 3 1.2118 7
84 189 84 87 3.5 0 0
167 188 84 189 3 1.3604 7
174 199 175 200 3 1.3694 7
54 201 54 55 3.5 0 0
175 200 54 201 3 1.127 7
54 201 176 202 3 1.1717 7
144 156 70 157 3 1.2317 5
176 202 177 203 3 1.786 7
173 198 174 199 3 0.7282 7
172 197 173 198 3 1.1846 7
177 203 178 204 3 1.6484 7
178 204 179 205 3 1.2265 7
179 205 180 206 3 1.1276 7
152 207 152 165 3.5 0 0
180 206 152 207 3 1.1846 7
152 207 181 208 3 3.4907 7
181 208 182 209 3 1.081 7
